sno,filename,topic1,topic2,topic3,topic4,topic5,topic6,topic7,topic8,topic9,topic10,topic11,topic12,topic13,topic14,topic15,topic16,topic17,topic18,topic19,topic20
0,Script_Annie_Hall.txt,0.005062835,0.353417914,0.09455295,0.001700953,2.00E-05,0.00050028,0.000100056,0.001300728,0.002501401,0.45355399,0.000580325,0.000180101,0.001060594,0.00066037,0.001300728,0.000100056,0.00050028,0.082546226,0.000100056,0.000260146
1,Script_Anastasia.txt,0.001593521,0.000130617,0.267528736,2.61E-05,2.61E-05,0.009221526,0.000653083,0.007027168,0.015386625,0.213087774,2.61E-05,2.61E-05,0.412565308,2.61E-05,0.011520376,0.000548589,0.000548589,0.059169279,0.000444096,0.000444096
2,Script_1492_Conquest_of_Paradise.txt,0.000660412,0.000296047,0.352363819,0.000660412,2.28E-05,2.28E-05,0.00056932,2.28E-05,0.362019494,0.154513573,2.28E-05,0.001024777,2.28E-05,2.28E-05,2.28E-05,0.001115868,0.002937694,0.123360357,0.000296047,2.28E-05
3,Script_Antz.txt,3.15E-05,3.15E-05,0.318740545,0.006713313,0.00015759,0.00015759,3.15E-05,0.00015759,0.339794503,0.27058119,3.15E-05,0.000409733,3.15E-05,0.003057237,0.000535804,3.15E-05,0.001670449,0.057646243,3.15E-05,0.00015759
4,Script_Alone_in_the_Dark.txt,0.000101035,2.02E-05,0.435115584,0.000101035,0.000101035,0.000181862,2.02E-05,2.02E-05,2.02E-05,0.046819431,2.02E-05,0.000181862,2.02E-05,0.000101035,0.408927417,2.02E-05,2.02E-05,0.108086809,0.000101035,2.02E-05
5,Script_Anna_Karenina.txt,1.87E-05,0.000542259,0.165837696,1.87E-05,9.35E-05,1.87E-05,0.446690352,1.87E-05,0.000841436,0.258358265,1.87E-05,9.35E-05,0.002935677,1.87E-05,1.87E-05,1.87E-05,0.00473074,0.119689604,1.87E-05,1.87E-05
6,Script_Apt_Pupil.txt,1.91E-05,0.002613905,0.215694879,0.000324353,0.25904373,1.91E-05,0.000171716,0.00047699,0.001240174,0.307963825,1.91E-05,0.000858582,0.001087537,1.91E-05,1.91E-05,1.91E-05,0.000400672,0.20943677,0.000553308,1.91E-05
7,Script_Aladdin.txt,0.008064516,3.35E-05,0.286340517,0.001505823,3.35E-05,0.001371972,0.000970419,0.001505823,0.005387498,0.246988355,3.35E-05,0.000301165,0.361564717,0.000167314,3.35E-05,0.000301165,0.024929728,0.056518538,3.35E-05,0.003915139
8,Script_17_Again.txt,0.000135648,0.000135648,0.153255562,0.001546392,0.000135648,2.71E-05,2.71E-05,0.000352686,2.71E-05,0.359224091,0.000461205,2.71E-05,0.001329354,0.000786761,0.001437873,2.71E-05,2.71E-05,0.149240369,2.71E-05,0.331768855
9,Script_Alien_Resurrection.txt,0.010196219,0.001463941,0.430270187,2.57E-05,0.000847545,0.002594,0.000128416,0.012764537,0.014613725,0.088067598,2.57E-05,0.000128416,2.57E-05,0.014613725,0.003107664,0.008552496,2.57E-05,0.088375796,0.324147319,2.57E-05
10,Script_Angel_Eyes.txt,0.00043845,0.004113078,0.142329213,2.09E-05,0.000605479,0.006534992,0.000187907,0.003277936,0.011796392,0.324390346,2.09E-05,2.09E-05,2.09E-05,2.09E-05,0.388445799,2.09E-05,2.09E-05,0.117358443,0.000271421,0.000104393
11,Script_August_Osage_County.txt,0.000777115,2.10E-05,0.115706125,2.10E-05,0.400592288,2.10E-05,0.003465513,2.10E-05,0.000105016,0.351781064,2.10E-05,2.10E-05,2.10E-05,2.10E-05,2.10E-05,0.000189028,0.001029152,0.126123666,2.10E-05,2.10E-05
12,Script_Apocalypse_Now.txt,1.78E-05,1.78E-05,0.326712426,0.003005192,0.000515684,0.000231169,1.78E-05,0.00136923,0.001226972,0.174069991,1.78E-05,0.000515684,1.78E-05,8.89E-05,1.78E-05,0.414912156,0.00016004,0.076623515,0.000373426,8.89E-05
13,Script_Arcade.txt,0.008699678,0.00041427,0.387683985,2.44E-05,0.000316795,0.016985086,0.001876401,0.000901647,0.008504728,0.156082464,0.00041427,2.44E-05,2.44E-05,0.003143581,0.006945121,0.001778926,2.44E-05,0.074398089,0.003728434,0.328029048
14,Script_Ali.txt,0.004904357,0.000870867,0.200528632,0.006982216,0.003254293,0.001176435,1.53E-05,0.002093137,0.000626413,0.208290045,0.000320846,0.000137505,0.000198619,1.53E-05,1.53E-05,0.000381959,0.431048707,0.138926236,1.53E-05,0.000198619
15,Script_Airplane.txt,0.002095867,0.000419173,0.160987277,2.47E-05,2.47E-05,2.47E-05,0.000616432,2.47E-05,0.000320544,0.201622448,2.47E-05,0.524238091,2.47E-05,2.47E-05,0.001208206,2.47E-05,0.000221915,0.108023474,2.47E-05,2.47E-05
16,Script_After_School_Special.txt,0.002226814,0.000114784,0.095707071,2.30E-05,2.30E-05,0.001216713,0.000114784,0.410583104,2.30E-05,0.357598714,0.000114784,2.30E-05,0.000482094,0.000114784,2.30E-05,2.30E-05,2.30E-05,0.131519743,2.30E-05,2.30E-05
17,Script_Amelia.txt,0.103375093,0.000267865,0.247362565,0.006614193,0.001009643,0.000515124,0.000844803,0.003729498,0.001916261,0.30382016,0.000185445,0.001916261,0.000103025,0.000762384,2.06E-05,0.180932168,0.000103025,0.146398253,0.000103025,2.06E-05
18,Script_42.txt,9.58E-05,1.92E-05,0.132182807,0.454662121,0.000249004,1.92E-05,0.000172387,0.00078532,1.92E-05,0.267028042,1.92E-05,0.000861937,9.58E-05,1.92E-05,0.000325621,9.58E-05,0.002930585,0.140304168,1.92E-05,9.58E-05
19,Script_A_Serious_Man.txt,2.37E-05,0.000498481,0.223248196,0.005435815,0.000213635,2.37E-05,0.000118686,2.37E-05,2.37E-05,0.268823585,0.360923851,0.000118686,2.37E-05,0.001258071,0.000118686,0.000118686,0.000213635,0.1371297,0.000973224,0.000688378
20,Script_10_Things_I_Hate_About_You.txt,0.000799691,0.002674829,0.129853298,0.006425105,0.001351202,0.326522171,0.000137878,0.003557247,2.76E-05,0.369981249,0.0012409,0.000358482,2.76E-05,2.76E-05,0.000689389,2.76E-05,0.000799691,0.154009486,2.76E-05,0.001461505
21,Script_American_Hustle.txt,1.71E-05,0.000153951,0.08020869,0.000496066,0.000906603,0.001111871,1.71E-05,0.00083818,1.71E-05,0.330020527,0.451402668,1.71E-05,0.001111871,1.71E-05,1.71E-05,0.000153951,1.71E-05,0.13344167,1.71E-05,1.71E-05
22,Script_500_Days_of_Summer.txt,3.06E-05,0.000641731,0.085227967,0.004553233,3.06E-05,0.000275028,0.029000122,0.001741841,0.000641731,0.762406796,0.001375138,0.002108544,0.001497372,3.06E-05,0.000152793,0.000152793,0.0008862,0.107596871,3.06E-05,0.001619606
23,Script_American_Pie.txt,0.000716049,2.47E-05,0.115382716,0.000222222,2.47E-05,0.000814815,0.346888889,0.005851852,2.47E-05,0.412074074,0.000716049,2.47E-05,2.47E-05,2.47E-05,0.000123457,0.000222222,2.47E-05,0.116765432,2.47E-05,2.47E-05
24,Script_American_Outlaws.txt,2.37E-05,2.37E-05,0.263381418,2.37E-05,0.405736927,0.000213533,2.37E-05,0.000213533,0.00011863,0.205015659,2.37E-05,2.37E-05,0.000308437,0.000213533,2.37E-05,2.37E-05,2.37E-05,0.124062826,0.000498244,2.37E-05
25,Script_Analyze_That.txt,0.000905,0.000122297,0.133964387,0.000220135,2.45E-05,0.004133646,0.000611486,2.45E-05,0.005992564,0.323671852,0.000709324,0.000220135,0.37718912,0.000122297,0.007166618,2.45E-05,2.45E-05,0.138367087,0.005796889,0.000709324
26,Script_Angels__Demons.txt,1.81E-05,0.00023481,0.415016979,1.81E-05,1.81E-05,1.81E-05,1.81E-05,1.81E-05,1.81E-05,0.088739975,0.315457698,1.81E-05,1.81E-05,9.03E-05,1.81E-05,0.000812803,1.81E-05,0.179268116,1.81E-05,0.000162561
27,Script_A_Few_Good_Men.txt,1.95E-05,1.95E-05,0.088344397,0.487172979,0.000488091,1.95E-05,1.95E-05,0.000331902,1.95E-05,0.297012886,0.000175713,1.95E-05,1.95E-05,1.95E-05,1.95E-05,0.000253807,1.95E-05,0.125673565,0.000253807,9.76E-05
28,Script_15_Minutes.txt,2.05E-05,2.05E-05,0.150586354,0.000102509,2.05E-05,2.05E-05,0.000184517,0.000512547,2.05E-05,0.28097835,2.05E-05,0.002808758,0.00174266,2.05E-05,2.05E-05,2.05E-05,2.05E-05,0.258426275,0.304432508,2.05E-05
29,Script_12_Years_a_Slave.txt,1.81E-05,1.81E-05,0.250090659,0.469701915,0.000598346,1.81E-05,0.000453293,0.000453293,0.000670873,0.18336597,1.81E-05,0.001396142,1.81E-05,0.000163185,1.81E-05,0.000308239,0.000235712,0.091764578,1.81E-05,0.000670873
30,Script_Assignment_The.txt,8.56E-05,1.71E-05,0.250359589,0.001044521,0.00125,1.71E-05,8.56E-05,0.001455479,0.001660959,0.211797945,1.71E-05,0.003989726,0.000222603,0.000359589,1.71E-05,0.000565068,1.71E-05,0.251797945,1.71E-05,0.275222603
31,Script_April_Fools_Day.txt,0.000521506,0.000422171,0.247963644,2.48E-05,0.001713519,2.48E-05,2.48E-05,2.48E-05,0.000521506,0.252831032,2.48E-05,0.000322837,2.48E-05,0.298127545,0.000223503,2.48E-05,2.48E-05,0.196011721,0.000422171,0.000720175
32,Script_All_the_Kings_Men.txt,2.43E-05,2.43E-05,0.105297723,0.00333236,2.43E-05,2.43E-05,2.43E-05,2.43E-05,2.43E-05,0.356124732,2.43E-05,2.43E-05,2.43E-05,0.000316209,0.000316209,2.43E-05,2.43E-05,0.145772524,2.43E-05,0.388524032
33,Script_Amityville_Asylum_The.txt,3.01E-05,3.01E-05,0.256842296,0.000150711,3.01E-05,3.01E-05,0.00027128,3.01E-05,0.002562093,0.246352785,0.00027128,3.01E-05,3.01E-05,3.01E-05,0.316282855,3.01E-05,3.01E-05,0.176784422,0.000150711,3.01E-05
34,Script_American_History_X.txt,0.016885802,0.003419574,0.129175061,0.013386703,0.000132542,0.036077828,0.409633125,0.010841904,0.007342806,0.174451278,0.003419574,2.65E-05,0.007448839,2.65E-05,0.033214929,0.004798007,0.001086841,0.144125755,0.004479907,2.65E-05
35,Script_Ace_Ventura_Pet_Detective.txt,0.003587226,2.70E-05,0.189152012,0.000458518,0.377413961,0.000458518,0.001105837,0.00315568,0.001753156,0.225186104,0.000566404,0.001429496,0.000242745,0.001861042,0.000458518,0.000134858,2.70E-05,0.19077031,0.000566404,0.001645269
36,Script_American_Splendor.txt,0.002053961,0.002358251,0.120118673,0.001952531,0.000532508,2.54E-05,0.002053961,0.002155391,2.54E-05,0.401384522,0.000228218,0.000532508,0.001851101,2.54E-05,2.54E-05,0.000633939,2.54E-05,0.167993711,2.54E-05,0.29599858
37,Script_50-50.txt,0.001669732,0.00196012,0.139507308,2.42E-05,0.000120995,0.000411383,0.367074823,0.000508179,2.42E-05,0.366397251,2.42E-05,0.0024441,0.000120995,2.42E-05,0.000120995,2.42E-05,0.000120995,0.117921789,0.00147614,2.42E-05
38,Script_2001_A_Space_Odyssey.txt,0.048586957,0.000905797,0.237282609,0.01307971,0.005253623,0.034818841,3.62E-05,0.017572464,0.007282609,0.193804348,3.62E-05,0.016557971,3.62E-05,0.001485507,0.02423913,3.62E-05,0.000181159,0.048152174,0.350036232,0.000615942
39,Script_Argo.txt,0.474245969,0.002443813,0.127684017,0.000187986,2.09E-05,2.09E-05,0.000271535,0.002109617,0.000104436,0.141218982,0.001190576,0.005869329,2.09E-05,2.09E-05,2.09E-05,0.001107026,0.002527362,0.237885371,0.000187986,0.002861559
40,Script_Addams_Family_The.txt,0.004167618,5.71E-05,0.264272665,0.005309431,0.348766842,5.71E-05,0.000513816,0.000285453,0.003025805,0.200331126,0.002340717,0.011018497,0.001655629,0.001883992,5.71E-05,0.004395981,0.002112354,0.147579356,5.71E-05,0.002112354
41,Script_American_Werewolf_in_London.txt,3.15E-05,0.243472503,0.235147578,0.001671292,3.15E-05,3.15E-05,3.15E-05,3.15E-05,3.15E-05,0.270843845,3.15E-05,0.000157669,0.000788345,0.000409939,3.15E-05,3.15E-05,0.000536075,0.14887109,3.15E-05,0.097786327
42,Script_Aliens.txt,0.000427234,1.71E-05,0.486653223,8.54E-05,0.000427234,0.001179165,1.71E-05,0.000495591,1.71E-05,0.082797867,1.71E-05,1.71E-05,1.71E-05,0.00910862,0.000495591,1.71E-05,0.000153804,0.098520063,0.319040946,0.000495591
43,Script_2012.txt,1.88E-05,0.000169607,0.292797377,1.88E-05,1.88E-05,1.88E-05,0.000395749,0.000621891,0.001451078,0.165554802,0.001903362,0.42772878,1.88E-05,0.000621891,1.88E-05,0.000320368,1.88E-05,0.107888587,0.000395749,1.88E-05
44,Script_American_Shaolin_King_of_Kickboxers_II.txt,2.04E-05,2.04E-05,0.232905983,0.00010175,2.04E-05,0.000997151,2.04E-05,0.49037444,0.003764754,0.202055352,0.00010175,2.04E-05,0.00026455,2.04E-05,0.003194953,2.04E-05,0.00026455,0.065547416,2.04E-05,0.00026455
45,Script_25th_Hour.txt,0.002162926,0.00087802,0.175625321,0.001306322,2.14E-05,0.000364057,0.002762549,2.14E-05,2.14E-05,0.309426932,2.14E-05,0.000535378,2.14E-05,0.296406544,0.040624465,2.14E-05,0.000621038,0.168943807,0.000192736,2.14E-05
46,Script_Affliction.txt,0.000274792,0.001129702,0.149395457,0.001007572,3.05E-05,3.05E-05,3.05E-05,0.000152662,3.05E-05,0.298760381,0.000274792,0.326606009,3.05E-05,0.000641182,3.05E-05,0.000274792,3.05E-05,0.183225452,0.000152662,0.037890816
47,Script_All_About_Steve.txt,0.004380994,0.0005449,0.133500436,0.002375763,2.18E-05,0.000196164,0.001765475,2.18E-05,0.000457716,0.190780296,0.000370532,2.18E-05,2.18E-05,0.001939843,2.18E-05,2.18E-05,0.001765475,0.659917175,0.001765475,0.00010898
48,Script_All_the_Presidents_Men.txt,2.32E-05,0.000394285,0.109866407,0.002620837,0.000487058,2.32E-05,2.32E-05,0.000208739,2.32E-05,0.307565637,0.000394285,0.000301512,0.002342518,0.000115966,0.000394285,0.392174599,0.000394285,0.182600427,2.32E-05,2.32E-05
49,Script_American_Psycho.txt,0.023962451,0.007713,0.131779754,0.001674352,2.74E-05,0.034063461,0.006395477,0.007822793,0.007383619,0.313597936,0.275938735,0.001674352,0.000247036,0.000576416,0.004638779,0.001784146,0.00343105,0.175477602,2.74E-05,0.001784146
50,Script_127_Hours.txt,0.00175066,0.000373091,0.457266674,0.001406268,0.000258294,2.87E-05,0.000143497,2.87E-05,0.000143497,0.170847205,0.001980255,0.003587418,2.87E-05,0.208271151,0.000143497,2.87E-05,0.001291471,0.152020434,0.000373091,2.87E-05
51,Script_Armageddon.txt,1.76E-05,1.76E-05,0.312926486,0.000158284,0.000228632,0.437583539,1.76E-05,0.007544847,0.001002462,0.140291945,1.76E-05,0.008811115,0.000369328,0.003675695,0.001987337,0.002128034,0.000510025,0.079300035,8.79E-05,0.003323954
52,Script_Arctic_Blue.txt,0.000168754,0.00039376,0.277225681,0.002193805,0.000168754,0.439079727,1.88E-05,0.000843771,0.000693767,0.136147154,1.88E-05,0.000543764,1.88E-05,0.001293782,0.01321908,0.000543764,1.88E-05,0.127296932,1.88E-05,9.38E-05
53,Script_8MM.txt,1.51E-05,1.51E-05,0.186805052,7.55E-05,0.000196398,1.51E-05,0.000377689,1.51E-05,1.51E-05,0.205901015,0.00061941,0.27110527,7.55E-05,0.000135968,1.51E-05,1.51E-05,1.51E-05,0.334496616,1.51E-05,7.55E-05
54,Script_12_Monkeys.txt,0.000275527,0.000534846,0.284878444,8.10E-05,0.275931929,0.000145867,0.000664506,0.001701783,8.10E-05,0.201183144,8.10E-05,0.000275527,0.000145867,8.10E-05,0.001312804,1.62E-05,0.000145867,0.232366288,8.10E-05,1.62E-05
55,Script_American_President_The.txt,0.00345067,0.417041,0.072790755,0.007370957,0.000102091,0.000183763,0.000428781,0.002715616,0.000592127,0.331693074,0.000592127,0.005574159,0.000102091,2.04E-05,0.000755472,0.003695688,0.001408853,0.151441522,2.04E-05,2.04E-05
56,Script_American_The.txt,2.13E-05,2.13E-05,0.271967506,0.000616706,2.13E-05,0.001467336,0.001892651,0.000191392,0.000106329,0.154495577,0.00274328,2.13E-05,0.00129721,0.000361518,0.003423784,2.13E-05,2.13E-05,0.21982392,2.13E-05,0.341463933
57,Script_Agnes_of_God.txt,0.006837945,3.95E-05,0.10027668,0.000355731,0.442252964,0.000988142,3.95E-05,3.95E-05,0.006996047,0.353873518,0.001304348,0.000355731,3.95E-05,3.95E-05,3.95E-05,3.95E-05,3.95E-05,0.084150198,0.002252964,3.95E-05
58,Script_Abyss_The.txt,1.66E-05,1.66E-05,0.396492686,0.000880984,8.31E-05,0.036186835,1.66E-05,0.008527261,0.004936835,0.113713431,0.000149601,8.31E-05,0.000681516,0.365641622,0.004338431,0.003806516,1.66E-05,0.057463431,0.00646609,0.000482048
59,Script_Antitrust.txt,0.002634916,0.000336794,0.172299707,0.001050004,1.98E-05,0.000178303,0.000653776,1.98E-05,0.000733022,0.220164038,0.358368333,0.002793407,0.000257548,0.000495285,0.003110389,0.000416039,1.98E-05,0.2360924,1.98E-05,0.000336794
60,Script_Alien_Nation.txt,0.015296327,2.09E-05,0.27013773,0.002358097,0.003526711,0.015546745,2.09E-05,0.001606845,0.005363105,0.15077212,0.000688648,0.00043823,0.001690317,0.003860601,0.015713689,0.001606845,2.09E-05,0.166131052,0.345179466,2.09E-05
61,Script_Alien_vs._Predator.txt,0.000448189,0.000950161,0.472373611,1.79E-05,0.000448189,0.00317318,8.96E-05,0.001165292,0.001237003,0.055951954,0.000161348,0.001738975,1.79E-05,0.377429186,0.001954105,0.000878451,1.79E-05,0.052079598,0.029777698,8.96E-05
62,Script_American_Gangster.txt,0.000980527,0.003044795,0.144722356,0.006003578,0.322318172,1.72E-05,0.000223629,0.00015482,0.001049336,0.21057249,0.000980527,0.00015482,0.000980527,1.72E-05,0.001255763,0.001186954,0.004283355,0.302019542,1.72E-05,1.72E-05
63,Script_9.txt,3.69E-05,3.69E-05,0.734255162,3.69E-05,3.69E-05,0.000184366,3.69E-05,0.000479351,3.69E-05,0.098414454,3.69E-05,3.69E-05,0.000331858,3.69E-05,0.000626844,3.69E-05,3.69E-05,0.079830383,0.084845133,0.000626844
64,Script_Arthur.txt,0.007964724,0.005471419,0.148790285,0.001408256,0.002793425,0.000207775,0.003993905,0.005102041,0.00288577,0.668967587,0.002147013,0.001223566,0.005379075,0.001038877,0.000669499,0.00528673,0.006764244,0.127828054,2.31E-05,0.002054668
65,Script_Air_Force_One.txt,0.000158172,1.76E-05,0.309683656,8.79E-05,1.76E-05,0.000158172,1.76E-05,0.430667838,1.76E-05,0.09745167,0.000439367,0.002196837,1.76E-05,0.000228471,0.000158172,0.000509666,8.79E-05,0.157838313,0.000228471,1.76E-05
66,Script_Amadeus.txt,1.55E-05,1.55E-05,0.146003591,0.000139302,1.55E-05,1.55E-05,0.00075842,7.74E-05,1.55E-05,0.301278479,0.000139302,1.55E-05,0.001749009,7.74E-05,0.000263125,1.55E-05,0.462868375,0.086382491,1.55E-05,0.000139302
67,Script_Above_the_Law.txt,1.74E-05,0.000296374,0.247437238,0.000366109,0.000505579,1.74E-05,8.72E-05,1.74E-05,1.74E-05,0.131746862,8.72E-05,0.000645049,1.74E-05,1.74E-05,8.72E-05,0.003643654,0.337604603,0.274843096,1.74E-05,0.002527894
68,Script_American_Madness.txt,0.000112928,0.000293613,0.110059626,0.001648749,0.000293613,2.26E-05,2.26E-05,2.26E-05,0.00020327,0.303302015,2.26E-05,2.26E-05,0.000112928,0.409996386,2.26E-05,0.000293613,2.26E-05,0.173299304,0.00020327,2.26E-05
69,Script_American_Graffiti.txt,0.000344018,2.02E-05,0.175671847,0.000263073,0.000910636,2.02E-05,2.02E-05,0.000101182,0.000586854,0.335943824,2.02E-05,0.000910636,2.02E-05,0.000101182,0.394386434,0.002853327,2.02E-05,0.085255788,2.02E-05,0.002529545
70,Script_Adaptation.txt,0.002953771,0.000495599,0.137201649,0.000654191,0.002715883,0.003270954,0.000812782,0.002081516,0.011041948,0.331159305,0.355582428,1.98E-05,1.98E-05,0.000495599,0.050134803,1.98E-05,0.000257712,0.099694711,0.001367853,1.98E-05
71,Script_187.txt,0.000170856,0.352893158,0.215601033,0.005030754,0.000778343,0.000474599,1.90E-05,0.000246792,1.90E-05,0.19745235,1.90E-05,1.90E-05,0.000246792,0.000170856,0.012776217,0.000474599,1.90E-05,0.213474827,1.90E-05,9.49E-05
72,Script_12.txt,3.88E-05,3.88E-05,0.137381801,0.002829019,0.000813827,0.000658813,3.88E-05,0.000193768,0.396256394,0.292706557,3.88E-05,0.004224151,0.000193768,0.000503798,0.007169431,0.000968842,0.003139048,0.152728259,3.88E-05,3.88E-05
73,Script_Airplane_2_The_Sequel.txt,0.001037169,0.00154517,0.212280925,0.001629837,2.12E-05,0.002391838,0.001714503,0.000359834,2.12E-05,0.190944882,0.000952502,0.44655406,0.000867835,2.12E-05,0.000867835,0.001375836,0.000783168,0.135911438,2.12E-05,0.000698501
74,Script_Assassins.txt,2.33E-05,2.33E-05,0.244039303,0.00011642,2.33E-05,0.000768371,2.33E-05,2.33E-05,0.000675235,0.154815125,2.33E-05,0.00011642,2.33E-05,0.00011642,2.33E-05,0.00011642,0.000395828,0.595813542,0.000954643,0.001886002
75,Script_Analyze_This.txt,2.45E-05,0.000318315,0.109818805,0.002277179,0.002571009,0.000318315,0.001199804,0.000416259,2.45E-05,0.383080313,0.000122429,0.003256611,0.314715965,2.45E-05,0.043805093,2.45E-05,0.000122429,0.134108717,2.45E-05,0.003746327
76,Script_American_Beauty.txt,0.001268773,2.59E-05,0.113231486,2.59E-05,0.000750906,0.001579492,2.59E-05,2.59E-05,0.001579492,0.331874676,2.59E-05,2.59E-05,2.59E-05,0.00054376,0.41949767,2.59E-05,2.59E-05,0.129181771,2.59E-05,0.00023304
77,Script_Adjustment_Bureau_The.txt,0.00183506,0.312456822,0.152439551,2.16E-05,0.000107945,2.16E-05,0.000453368,0.000280656,0.001144214,0.269106218,0.001575993,2.16E-05,2.16E-05,0.000107945,0.000194301,2.16E-05,0.000194301,0.259261658,0.000712435,2.16E-05
78,Script_Army_of_Darkness.txt,3.19E-05,0.000159683,0.546531681,0.001309402,0.000798416,3.19E-05,3.19E-05,3.19E-05,0.000670669,0.054579714,3.19E-05,3.19E-05,3.19E-05,3.19E-05,0.000159683,3.19E-05,0.000159683,0.052663516,0.34137072,0.001309402
79,Script_As_Good_As_It_Gets.txt,2.70E-05,0.000243059,0.145646538,0.002727666,0.001539376,2.70E-05,0.250324079,0.000459112,2.70E-05,0.431700335,2.70E-05,2.70E-05,2.70E-05,0.000135033,0.000783191,2.70E-05,2.70E-05,0.166063519,0.000135033,2.70E-05
80,Script_44_Inch_Chest.txt,0.006211981,0.001572327,0.185921229,0.002809568,0.00105681,0.000231983,0.40346943,2.58E-05,2.58E-05,0.282838437,2.58E-05,0.003015775,2.58E-05,0.006830601,0.016625425,0.000335086,0.002912671,0.086014022,2.58E-05,2.58E-05
81,Script_Adventures_of_Buckaroo_Banzai_Across_the_Eighth_Dimension_The.txt,0.007127626,0.000809509,0.243346233,0.000809509,0.001757226,0.00302085,1.97E-05,0.004995261,0.000177697,0.114851524,1.97E-05,0.002389038,1.97E-05,0.000651556,0.005548097,0.489752804,1.97E-05,0.114851524,0.009733849,9.87E-05
82,Script_12_and_Holding.txt,0.000136522,0.000464176,0.150202053,2.73E-05,0.00024574,2.73E-05,0.000573394,2.73E-05,0.000136522,0.351381608,2.73E-05,0.000136522,2.73E-05,2.73E-05,0.009310834,2.73E-05,0.31686872,0.170079729,2.73E-05,0.00024574
83,Script_Austin_Powers_-_International_Man_of_Mystery.txt,0.000725508,0.001325928,0.200365256,0.000525368,0.000425298,0.000325228,2.50E-05,0.397803462,2.50E-05,0.258505954,0.000725508,0.001425998,0.000725508,0.000125088,0.000125088,0.001225858,0.002126489,0.129315521,0.001325928,0.002826979
84,Script_Amour.txt,0.000721807,0.000212296,0.140667459,4.25E-05,4.25E-05,0.000212296,0.000382133,0.000212296,0.000721807,0.468452785,4.25E-05,4.25E-05,4.25E-05,4.25E-05,4.25E-05,4.25E-05,0.00055197,0.164274796,4.25E-05,0.22320822
85,Script_Alien_3.txt,2.46E-05,2.46E-05,0.370800079,2.46E-05,2.46E-05,2.46E-05,2.46E-05,0.003867376,0.020420731,0.146541531,2.46E-05,0.000517292,2.46E-05,0.003276185,0.001502611,2.46E-05,0.004655631,0.059045226,0.389127008,2.46E-05
86,Script_Anniversary_Party_The.txt,0.000155029,0.352009178,0.114752573,0.000155029,0.000527099,3.10E-05,0.000279052,0.000651122,0.000155029,0.400998388,3.10E-05,0.000279052,3.10E-05,0.000527099,3.10E-05,3.10E-05,3.10E-05,0.129263302,3.10E-05,3.10E-05
87,Script_30_Minutes_or_Less.txt,2.37E-05,0.002493351,0.220673442,0.000403685,2.37E-05,2.37E-05,0.000403685,2.37E-05,2.37E-05,0.265696239,2.37E-05,0.002113412,0.200726634,0.003538184,0.000213716,0.000118731,2.37E-05,0.303405205,2.37E-05,2.37E-05
88,Script_Absolute_Power.txt,2.11E-05,0.000105672,0.197501902,0.000528362,0.000359286,2.11E-05,0.000105672,2.11E-05,2.11E-05,0.2204117,0.000105672,0.322195452,2.11E-05,2.11E-05,2.11E-05,0.000359286,2.11E-05,0.257946572,2.11E-05,0.00019021
89,Script_48_Hrs..txt,2.47E-05,0.001212631,0.153459711,0.000123738,2.47E-05,0.000321718,2.47E-05,0.000222728,2.47E-05,0.262942982,0.000123738,2.47E-05,2.47E-05,0.000618689,0.001410612,0.330652346,0.000519699,0.240769155,0.000123738,0.00735003
90,Script_After.Life.txt,2.20E-05,2.20E-05,0.27094541,2.20E-05,2.20E-05,2.20E-05,0.311954317,2.20E-05,2.20E-05,0.181519534,0.00019843,2.20E-05,2.20E-05,2.20E-05,2.20E-05,2.20E-05,0.00019843,0.212562836,2.20E-05,0.022334421
91,Script_All_About_Eve.txt,0.442594029,1.94E-05,0.10727026,0.000794882,0.000717332,1.94E-05,1.94E-05,1.94E-05,0.00374176,0.363958899,1.94E-05,0.000174486,1.94E-05,0.000174486,0.001803024,0.000174486,0.001492827,0.07694843,1.94E-05,1.94E-05
92,Script_Anonymous.txt,0.002554455,0.000257426,0.180059406,0.00580198,1.98E-05,1.98E-05,9.90E-05,0.000178218,0.001287129,0.201366337,1.98E-05,1.98E-05,0.476217822,1.98E-05,1.98E-05,1.98E-05,0.008415842,0.123029703,0.00049505,9.90E-05
93,Script_Artist_The.txt,0.26038206,3.78E-05,0.230028692,0.001094835,3.78E-05,0.000188765,3.78E-05,3.78E-05,0.000188765,0.24512987,3.78E-05,3.78E-05,3.78E-05,3.78E-05,3.78E-05,0.000188765,0.000339777,0.250415282,3.78E-05,0.01166566
94,Script_Arsenic_and_Old_Lace.txt,0.000931983,0.000369276,0.078726173,1.76E-05,1.76E-05,1.76E-05,8.79E-05,1.76E-05,0.604153478,0.246975452,1.76E-05,1.76E-05,1.76E-05,1.76E-05,0.001142998,1.76E-05,1.76E-05,0.067401702,1.76E-05,1.76E-05
95,Script_At_First_Sight.txt,0.001726099,0.002782065,0.195698968,2.03E-05,2.03E-05,2.03E-05,0.002375924,0.002132239,0.000507676,0.680631143,0.000751361,0.001482414,2.03E-05,2.03E-05,0.000995045,0.000426448,0.000995045,0.108216229,0.00034522,0.000832589
96,Script_Arbitrage.txt,0.000268336,2.98E-05,0.102713178,0.001699463,0.000864639,2.98E-05,2.98E-05,2.98E-05,0.000149076,0.334794275,0.000864639,0.000506857,0.314877758,0.000268336,2.98E-05,2.98E-05,2.98E-05,0.241174717,2.98E-05,0.001580203
97,Script_Apartment_The.txt,0.004426266,1.87E-05,0.103410279,0.00069102,1.87E-05,0.382582549,9.34E-05,1.87E-05,0.005770955,0.328047961,1.87E-05,0.000317496,1.87E-05,1.87E-05,0.00143807,1.87E-05,9.34E-05,0.172960556,1.87E-05,1.87E-05
98,Script_An_Education.txt,2.57E-05,0.378256616,0.091365462,0.003320976,0.000437648,2.57E-05,0.00115848,2.57E-05,0.001467408,0.402970858,2.57E-05,2.57E-05,0.000540624,0.00012872,0.000952528,2.57E-05,2.57E-05,0.108562455,0.00012872,0.010529297
99,Script_Almost_Famous.txt,1.47E-05,0.005141123,0.143376937,0.308894585,0.000309351,0.000191503,0.000132579,0.000603971,0.000957516,0.351673443,0.000250427,0.00437511,0.000780744,1.47E-05,0.000191503,0.000780744,1.47E-05,0.181618644,0.000250427,0.000427199
